<!DOCTYPE html>
<html lang="en">
<head>
    <meta charset="utf-8">
    <meta name="viewport" content="width=device-width, initial-scale=1.0">
    <meta name="generator" content="rustdoc">
    <meta name="description" content="API documentation for the Rust `MIN_SHIFT` static in crate `imageproc`.">
    <meta name="keywords" content="rust, rustlang, rust-lang, MIN_SHIFT">

    <title>imageproc::local_binary_patterns::MIN_SHIFT - Rust</title>

    <link rel="stylesheet" type="text/css" href="../../normalize.css">
    <link rel="stylesheet" type="text/css" href="../../rustdoc.css">
    <link rel="stylesheet" type="text/css" href="../../main.css">
    

    
    
</head>
<body class="rustdoc static">
    <!--[if lte IE 8]>
    <div class="warning">
        This old browser is unsupported and will most likely display funky
        things.
    </div>
    <![endif]-->

    

    <nav class="sidebar">
        
        <p class='location'><a href='../index.html'>imageproc</a>::<wbr><a href='index.html'>local_binary_patterns</a></p><script>window.sidebarCurrent = {name: 'MIN_SHIFT', ty: 'static', relpath: ''};</script><script defer src="sidebar-items.js"></script>
    </nav>

    <nav class="sub">
        <form class="search-form js-only">
            <div class="search-container">
                <input class="search-input" name="search"
                       autocomplete="off"
                       placeholder="Click or press ‘S’ to search, ‘?’ for more options…"
                       type="search">
            </div>
        </form>
    </nav>

    <section id='main' class="content">
<h1 class='fqn'><span class='in-band'>Static <a href='../index.html'>imageproc</a>::<wbr><a href='index.html'>local_binary_patterns</a>::<wbr><a class="static" href=''>MIN_SHIFT</a></span><span class='out-of-band'><span id='render-detail'>
                   <a id="toggle-all-docs" href="javascript:void(0)" title="collapse all docs">
                       [<span class='inner'>&#x2212;</span>]
                   </a>
               </span><a class='srclink' href='../../src/imageproc/local_binary_patterns.rs.html#391-648' title='goto source code'>[src]</a></span></h1>
<pre class='rust static'>pub static MIN_SHIFT: <a class="primitive" href="https://doc.rust-lang.org/nightly/std/primitive.array.html">[</a><a class="primitive" href="https://doc.rust-lang.org/nightly/std/primitive.u8.html">u8</a><a class="primitive" href="https://doc.rust-lang.org/nightly/std/primitive.array.html">; 256]</a><code> = </code><code>[0, 1, 1, 3, 1, 5, 3, 7, 1, 9, 5, 11, 3, 13, 7, 15, 1, 17, 9, 19, 5, 21, 11,
 23, 3, 25, 13, 27, 7, 29, 15, 31, 1, 9, 17, 25, 9, 37, 19, 39, 5, 37, 21, 43,
 11, 45, 23, 47, 3, 19, 25, 51, 13, 53, 27, 55, 7, 39, 29, 59, 15, 61, 31, 63,
 1, 5, 9, 13, 17, 21, 25, 29, 9, 37, 37, 45, 19, 53, 39, 61, 5, 21, 37, 53,
 21, 85, 43, 87, 11, 43, 45, 91, 23, 87, 47, 95, 3, 11, 19, 27, 25, 43, 51,
 59, 13, 45, 53, 91, 27, 91, 55, 111, 7, 23, 39, 55, 29, 87, 59, 119, 15, 47,
 61, 111, 31, 95, 63, 127, 1, 3, 5, 7, 9, 11, 13, 15, 17, 19, 21, 23, 25, 27,
 29, 31, 9, 25, 37, 39, 37, 43, 45, 47, 19, 51, 53, 55, 39, 59, 61, 63, 5, 13,
 21, 29, 37, 45, 53, 61, 21, 53, 85, 87, 43, 91, 87, 95, 11, 27, 43, 59, 45,
 91, 91, 111, 23, 55, 87, 119, 47, 111, 95, 127, 3, 7, 11, 15, 19, 23, 27, 31,
 25, 39, 43, 47, 51, 55, 59, 63, 13, 29, 45, 61, 53, 87, 91, 95, 27, 59, 91,
 111, 55, 119, 111, 127, 7, 15, 23, 31, 39, 47, 55, 63, 29, 61, 87, 95, 59,
 111, 119, 127, 15, 31, 47, 63, 61, 95, 111, 127, 31, 63, 95, 127, 63, 127,
 127, 255]</code></pre><div class='docblock'><p>Lookup table for the least circular shift of a byte.</p>
</div></section>
    <section id='search' class="content hidden"></section>

    <section class="footer"></section>

    <aside id="help" class="hidden">
        <div>
            <h1 class="hidden">Help</h1>

            <div class="shortcuts">
                <h2>Keyboard Shortcuts</h2>

                <dl>
                    <dt>?</dt>
                    <dd>Show this help dialog</dd>
                    <dt>S</dt>
                    <dd>Focus the search field</dd>
                    <dt>↑</dt>
                    <dd>Move up in search results</dd>
                    <dt>↓</dt>
                    <dd>Move down in search results</dd>
                    <dt>↹</dt>
                    <dd>Switch tab</dd>
                    <dt>&#9166;</dt>
                    <dd>Go to active search result</dd>
                    <dt style="width:31px;">+ / -</dt>
                    <dd>Collapse/expand all sections</dd>
                </dl>
            </div>

            <div class="infos">
                <h2>Search Tricks</h2>

                <p>
                    Prefix searches with a type followed by a colon (e.g.
                    <code>fn:</code>) to restrict the search to a given type.
                </p>

                <p>
                    Accepted types are: <code>fn</code>, <code>mod</code>,
                    <code>struct</code>, <code>enum</code>,
                    <code>trait</code>, <code>type</code>, <code>macro</code>,
                    and <code>const</code>.
                </p>

                <p>
                    Search functions by type signature (e.g.
                    <code>vec -> usize</code> or <code>* -> vec</code>)
                </p>
            </div>
        </div>
    </aside>

    

    <script>
        window.rootPath = "../../";
        window.currentCrate = "imageproc";
    </script>
    <script src="../../main.js"></script>
    <script defer src="../../search-index.js"></script>
</body>
</html>